<?xml version="1.0"?>
<opencv_storage>
<intrinsic type_id="opencv-matrix">
  <rows>3</rows>
  <cols>3</cols>
  <dt>d</dt>
  <data>
    1.0200537009330671e+03 0. 7.2180286148873847e+02 0.
    1.0274639567204663e+03 5.1604788248103182e+02 0. 0. 1.</data></intrinsic>
<distortion type_id="opencv-matrix">
  <rows>1</rows>
  <cols>5</cols>
  <dt>d</dt>
  <data>
    -4.0626041165099674e-01 9.2770249548425374e-02
    -6.7479188369925502e-03 -1.2805832178504319e-02
    1.6077988463814005e-01</data></distortion>
</opencv_storage>
